,RELIANCE.NS,TCS.NS,HDFCBANK.NS,INFY.NS,ICICIBANK.NS,HINDUNILVR.NS,ITC.NS,SBIN.NS,BHARTIARTL.NS,KOTAKBANK.NS,HCLTECH.NS,LT.NS,AXISBANK.NS,ASIANPAINT.NS,MARUTI.NS,SUNPHARMA.NS,TITAN.NS,ULTRACEMCO.NS,WIPRO.NS,NESTLEIND.NS,M&M.NS,BAJFINANCE.NS,POWERGRID.NS,ONGC.NS,NTPC.NS,SBILIFE.NS,BAJAJFINSV.NS,ADANIGREEN.NS,ADANIPORTS.NS,ADANIENT.NS,DIVISLAB.NS,GRASIM.NS,JSWSTEEL.NS,TATAMOTORS.NS,TECHM.NS,HDFCLIFE.NS,COALINDIA.NS,BPCL.NS,BRITANNIA.NS,SHREECEM.NS,HEROMOTOCO.NS,CIPLA.NS,DRREDDY.NS,EICHERMOT.NS,BAJAJ-AUTO.NS,INDUSINDBK.NS,TATACONSUM.NS,VEDL.NS,DABUR.NS,HAVELLS.NS,ICICIPRULI.NS,PIDILITIND.NS,SBICARD.NS,SIEMENS.NS,GODREJCP.NS,DLF.NS,HINDALCO.NS,TATAPOWER.NS,AMBUJACEM.NS,APOLLOHOSP.NS,AUROPHARMA.NS,BANDHANBNK.NS,BERGEPAINT.NS,BIOCON.NS,BOSCHLTD.NS,CHOLAFIN.NS,COLPAL.NS,DABUR.NS,GAIL.NS,GLAND.NS,GODREJPROP.NS,HDFCAMC.NS,ICICIGI.NS,IGL.NS,INDIGO.NS,LUPIN.NS,M&MFIN.NS,MARICO.NS,MUTHOOTFIN.NS,NAUKRI.NS,PEL.NS,PGHH.NS,PFC.NS,RECLTD.NS,SAIL.NS,SRF.NS,TATACHEM.NS,TORNTPHARM.NS,TVSMOTOR.NS,UBL.NS,UPL.NS,VOLTAS.NS,WHIRLPOOL.NS,ZEEL.NS,ZYDUSLIFE.NS,ABB.NS,ACC.NS,ALKEM.NS,APOLLOTYRE.NS,ASHOKLEY.NS,BANKBARODA.NS,BHARATFORG.NS,BHEL.NS,CANBK.NS,CASTROLIND.NS,CROMPTON.NS,CUMMINSIND.NS,DALBHARAT.NS,DEEPAKNTR.NS,ESCORTS.NS,EXIDEIND.NS,FEDERALBNK.NS,GLENMARK.NS,GMRINFRA.NS,GODREJAGRO.NS,GRANULES.NS,GUJGASLTD.NS,HAL.NS,HINDPETRO.NS,HINDZINC.NS,IDEA.NS,IDFCFIRSTB.NS,INDHOTEL.NS,INDUSTOWER.NS,IPCALAB.NS,JINDALSTEL.NS,JSWENERGY.NS,LICHSGFIN.NS,LTTS.NS,MANAPPURAM.NS,MFSL.NS,MGL.NS,MPHASIS.NS,MRF.NS,NAM-INDIA.NS,NAVINFLUOR.NS,NMDC.NS,PAGEIND.NS,PFIZER.NS,PIIND.NS,PNB.NS,POLYCAB.NS,RAMCOCEM.NS,RBLBANK.NS,SHREECEM.NS,SUNTV.NS,SYNGENE.NS,TATACOMM.NS,TATAELXSI.NS,TORNTPOWER.NS,TRENT.NS,UNIONBANK.NS,VBL.NS,TORNTPHARM.NS,WHIRLPOOL.NS,ZEEL.NS
RELIANCE.NS,1.0,0.2651137049553731,0.21315664798013073,0.22208201096763486,0.3416358642868751,0.05791537001716459,0.21630715244208018,0.37034471987096623,0.15670570838769332,0.28353147402972895,0.2123673180836172,0.25633297678958683,0.33156634351390213,0.20539621652353263,0.10888802450800598,0.1861022309909997,0.24518666259748004,0.24753474134570147,0.3622164220561337,0.08722991703583316,0.2351809377643424,0.29819319868982946,0.2594086060911562,0.4913298099908372,0.3983295613636167,0.309677983181301,0.23842316944523628,0.1508453157150819,0.424251048920562,0.34110000408906294,0.09471076415244543,0.2909769222190747,0.3554843466645097,0.3248695742464452,0.27319385038528327,0.24716194613258313,0.47582784746664036,0.4122794304220237,-0.011410034592872579,0.11988972287259893,0.19557375906360122,0.14526969908416268,0.23263514451356,0.2010586407783618,0.15890533516798433,0.3095364431237875,0.3067211775661752,0.38734088920380944,0.09771517936349847,0.27847094737342043,0.2731746741478005,0.199144895084444,0.27724722377701533,0.22409462633293234,0.05914722129348862,0.429375237120293,0.38688400844531545,0.337858396501439,0.2677327960397151,0.14080657844371425,0.10568033134152476,0.26739575267758425,0.13289001682156296,0.26651711046994586,0.3088221437160665,0.3105543134882269,0.08468051340958976,0.09771517936349847,0.44675911778722494,3.098073653504607e-05,0.4081915642128593,0.3548161930378018,0.16461404646310387,0.28981249235190426,0.32523407570871615,0.17508129619075122,0.35969233818486546,0.05703065628368517,0.35536410565545257,0.2807874594343012,0.3913779171870098,0.13120410315824937,0.32528676771740483,0.2938059256304677,0.32455274802989237,0.3174961059430621,0.36281614725563144,0.09002633929010541,0.21752826895412428,0.09169145617804862,0.3281190196614483,0.3201680107366786,0.19776000771266827,0.2443495409107712,0.2127874647615493,0.1640910218827629,0.2743343428969641,0.18765031169486318,0.39378310825776264,0.26617896641975175,0.3909204816328149,0.35249673850558966,0.33515687702314023,0.3957086206548365,0.33344674814262587,0.15908747251693417,0.2316013160373234,0.24532806551366693,0.2745186606083744,0.04811207025968172,0.3102454244010636,0.24328480774273128,0.15628183816138755,0.2562304851966754,0.11551212284341608,0.20363298065649066,0.18019553271471286,0.3628086757259418,0.34444320721585925,0.288015672244281,0.21700974906760853,0.32269070880546985,0.25834258043004776,0.229644499373265,-0.02777890918609654,0.3591088134618625,0.25921836065879944,0.3778533623052161,0.32850059142438615,0.2531371524537712,0.15166759741689476,0.35757122955467857,0.31985379226785543,0.38222019076367536,0.3279640965263975,0.17814796267851127,0.3101293683851264,0.07804953157949729,0.12012284673802745,0.23950900744455308,0.3385993064980624,0.21867160374353117,0.13120594491206158,0.34040414434996,0.11988965137759583,0.2749289305365991,0.23479883404403037,0.2597451838831431,0.32962763717831245,0.21576594863981158,0.3479515080508253,0.3217403879995034,0.29225878649581055,0.09002611052590886,0.19775999175853495,0.24434952452147213
TCS.NS,0.2651137049553731,1.0,0.2464174444897508,0.7028662073159064,0.1489544334032803,0.2516072365203873,0.23937091794090967,0.14439554904104143,0.24376969434842918,0.09299126702973601,0.6786752515585501,0.1737079109712002,0.13477905278712068,0.19365752998805144,0.17426484271249504,0.2946157152874504,0.21800123522394507,0.30341287028605524,0.5837384941023473,0.19580417863791746,0.15630273961783311,0.18774163900274352,0.11420366941954142,0.16792214445486367,0.03950381367047837,0.31093546295322333,0.20831615122968744,-0.09660970306838271,0.09718068267143508,0.00010775422056847203,0.15936999072889296,0.3015347064938793,0.2051550042069889,0.21364466041463867,0.6047173324544067,0.3440078485140903,0.13269595316065666,0.25984160259657946,0.15201953179229186,0.2637090741064766,0.2506656339866484,0.2287647318704061,0.1490867309267656,0.15029657751440745,0.0660444141620663,0.1673210902396103,0.2989261737969647,0.09610834123882951,0.31751584366176433,0.16196778479696403,0.2326228296312826,0.26206905448586687,0.2589521118440861,0.10433753361583678,0.1551418110266298,0.24734522449849494,0.2588357952406516,0.1856229313972186,0.029479096162072754,0.17915819446721545,0.11670434965130161,0.0759004453103781,0.3343511322422787,0.20328533157313525,0.2233620829473686,0.2577237728235511,0.2474166164929219,0.31751584366176433,0.15069439918221073,4.4537527840891856e-05,0.15212474688066518,0.39781683259642486,0.20255220558173567,0.1662158718376367,0.28106154565263214,0.2878111671661878,0.1641011791744503,0.1757919414614598,0.1846599376920549,0.47682886786552586,0.31836517879521864,0.13104889207938808,0.2389385996841301,0.25891407096308366,0.16173467949313353,0.17918051370867946,0.20105712483702484,0.17688635594043237,0.05648417314290208,0.13593888422296702,0.20770332117441925,0.20006817322913853,0.06919808514557917,0.15864322956366766,0.21820603685663237,0.08265560365485346,0.12307186574174474,0.2597187955853606,0.18546884791291826,0.15550929493909713,0.17568376176868558,0.15071710313320755,0.11515755649036125,0.19011877244793043,0.16926690444976433,0.1872220346546355,0.20581932867153577,0.1927863900676298,0.2311669154782165,0.04701157939122605,0.2453519180760255,0.11597784362882972,0.165156726090557,0.22051782365528894,0.26080723124207733,0.12061222058499146,0.05983009030215877,0.11219656881795836,0.16404409490194968,-0.05252683501536536,0.16956498396383618,0.22187392981748985,0.1826753325633015,0.1757016693682872,0.1343442618329087,0.1943583152368049,0.09741373085940849,0.21379372055392715,0.4787433072678426,0.2069430620032158,0.15486761716455394,0.14721720164041638,0.5841756619808247,0.23062856986453864,0.15602054359930342,0.20130840307815814,0.1291724839600467,0.10084933644508737,0.16923688372645224,0.15567086155868262,0.1970227623321159,0.17529403654965214,0.1777502945248278,0.17805737702865826,0.26370899966285105,0.1785317832887125,0.24663459714864727,0.2212808686347231,0.29014743352798433,0.09922915157612978,0.15649632979599987,0.10186442846535644,0.14728764322486063,0.17688641839688377,0.0691980321371824,0.1586431960228047
HDFCBANK.NS,0.21315664798013073,0.2464174444897508,1.0,0.21118318553885176,0.4805089486810386,0.1440809505061993,0.28511646975339866,0.4056658137758929,0.23047497006857748,0.44539211977523874,0.2387193846680752,0.48895906041088144,0.4026827264221882,0.23953902890856668,0.2384404454115233,0.14709161540216545,0.28106849694186775,0.3778294308094195,0.32991083068803817,0.10322616047567075,0.2541429144766354,0.4494932458192821,0.18688006272383592,0.10415173952029143,0.18285718303930895,0.23416520846244396,0.3863299215353872,0.06237525400489011,0.3180423854644638,0.187710095213302,0.11287856161645718,0.3091234744461251,0.22649938384730173,0.3304865033424692,0.23301651788611813,0.3113840979703006,0.13818382130318066,0.17371722771166578,0.12241001240315232,0.19403333299764502,0.2648140439460183,0.0011083982034252656,0.03620199282966803,0.249109934579782,0.18665820580995537,0.44694128618397005,0.17579718973292086,0.23947773541883505,0.10352615294182231,0.222739858872174,0.15427315467508204,0.2571425531410191,0.1962802662643406,0.2898361171429386,0.0309087148408141,0.39001471584697495,0.27179136921897745,0.299033497511928,0.1337609686540151,0.01426543146461674,0.1233962839778257,0.18112066566605367,0.1767638623473521,0.20915444709488554,0.25518941685765334,0.26626612232029967,0.10985241642337687,0.10352615294182231,0.15116477718644356,2.393488212392944e-05,0.3155146682935043,0.4077303836722306,0.14275342516419762,0.2552496325941151,0.31184485256077144,0.04233212157937231,0.3172096185853773,0.05745221967370992,0.22942625794094568,0.29118420306537957,0.3231374957854443,0.11881681905039392,0.26630845011015586,0.17506823503456884,0.2215192788221962,0.25664097610674313,0.290853053772795,-0.015046453078747309,0.20077423404150457,0.20375740954404586,0.25505194053967106,0.2609796469816985,0.11524706980184148,0.2566291748074193,0.07835809395413673,0.2351395205256854,0.1935124350567575,0.07241686842629129,0.25810073027343977,0.23551002555774725,0.3225688253144517,0.28076822790116013,0.21432096352350063,0.34925568926970935,0.20880357477259545,0.17783646252439883,0.1660208022751405,0.32436534620049456,0.22601093048403717,0.2588019688326385,0.27234538414269005,0.42739338018896117,0.13486654887711946,0.29029121064679164,0.3416630307361073,0.17811654086866704,0.11603301370259293,0.21002485189007314,0.1472565360092662,0.23297155275449563,0.24691598628229522,0.2913960356199362,0.15047978976775708,0.20310919822781803,0.012600449978501292,0.21044204600442176,0.13734156823625512,0.30292038799347926,0.24928827123114572,0.23106691294006917,0.26644347335083307,0.24127022968016215,0.2732123266936589,0.21856544669683253,0.35856191628424733,0.24595325971595125,0.10798795629129426,0.1263509707819931,-0.10467045353250015,0.2739361558055002,0.23540132387593865,0.19106692255123642,0.2745083351680557,0.3744838115776453,0.19403318577215434,0.2831376205878304,0.1287116868045675,0.15858284388646984,0.24034314875326296,0.10031045946700505,0.07936926625166155,0.28905957884020134,0.05965963832344143,-0.015045960869597794,0.11524705597767972,0.2566291720581495
INFY.NS,0.22208201096763486,0.7028662073159064,0.21118318553885176,1.0,0.14667813161945706,0.1116362218627458,0.19183284093147573,0.07156145949678965,0.21480246289204635,0.1252122938147091,0.6924995260115651,0.2213683969602855,0.0646327777233736,0.09520022048024342,0.07669031423908051,0.19352760224812487,0.24191119992750865,0.3348532790489654,0.5912734079036884,0.11523665600615711,0.11958915958892936,0.1497766013563567,0.07816419883475283,0.07877794324024234,0.012612205814243788,0.20444206126774397,0.19205911974460185,-0.16832552217371213,0.04122051968421739,-0.016381350492544938,0.09579633364742401,0.29727752277963476,0.1632702976455356,0.1422136333920175,0.6948116800366041,0.17715983328368298,0.017518387928345674,0.11659476593345638,0.060447838825822,0.24397519308912824,0.19546500209893497,0.1500060135667875,0.09610717897354815,-0.004298929345432274,0.041923059757332966,0.09735880795316261,0.27932684412210923,0.11816935419330189,0.23608588006673067,0.10934685537282683,0.05970538504945236,0.2011679638674759,0.2018235340625963,0.12064328767114642,0.09574961401202324,0.20662478556947345,0.2060945822827242,0.1947453915513459,-0.051426864941648706,0.11484596529152973,0.10006538495383349,0.023132828447567214,0.2736664056273481,0.07660886049968406,0.16186589982865573,0.18656880505108964,0.18574056777261738,0.23608588006673067,0.07107610994006634,4.422752042181096e-05,0.19146148632688414,0.31875863323967385,0.1391359559762555,0.12609933418541794,0.21246610624488602,0.2188902424471567,0.07667566916558236,0.13206740330118605,0.16303904986664491,0.38457314928468267,0.27697363913174017,0.13694950459830357,0.1781487515030556,0.15613609989948538,0.1391729309317982,0.16547997063246367,0.2424019161226408,0.1520875414944405,0.07805215382529132,0.16138185088365326,0.21314536501368317,0.15731697489226987,0.1148461785649463,0.12789509666981813,0.13564455464826597,0.09994317915401822,0.09233331289235291,0.16275499300651042,0.11409451028164223,0.04092931447571846,0.09035551027299565,0.08221576740077266,0.09571137929105332,0.1439839950725637,0.0903112826668648,0.21601609233282934,0.13970281144779428,0.14161351966466595,0.21680496139612826,0.028818068069960328,0.18316535028081266,0.14204540978092414,0.0785174043180519,0.12528557214131858,0.30717474081194407,0.12280351575152784,0.06087399741302108,0.05045939201358148,0.03794978631918001,-0.03795840698319662,0.07870887813803253,0.20240854041894424,0.22276966053232675,0.10436155006827133,0.1527755463705266,0.10992702821172247,0.0994946418356343,0.10056911341677915,0.5338871329503357,0.1736091146840359,0.09307093643620067,0.13364353722743044,0.638278522266807,0.18025147410374182,0.13747200519564617,0.1431445854386197,0.07546492552464011,0.0808544292333673,0.11798322690964662,0.09078777789509886,0.13716614454432405,0.04073126303373057,0.23843386718680645,0.1486082109557774,0.24397505179131868,0.10750627642117988,0.1559691813973675,0.21643887861042826,0.23604947514367344,0.03842921528015418,0.17639101737043697,0.07732776937573871,0.015408178783404105,0.15208749806792665,0.11484608043677436,0.12789500154300815
ICICIBANK.NS,0.3416358642868751,0.1489544334032803,0.4805089486810386,0.14667813161945706,1.0,0.09879821481480013,0.3750656816949682,0.683213337845787,0.35762596525786494,0.4610328885490037,0.07102731099348443,0.5090904966446838,0.6577824407115965,0.24469081744170826,0.24140933073096527,0.2545936043763812,0.264219588200066,0.500274826459342,0.2355260730701171,0.1667246821917849,0.262040626577105,0.42266918327194897,0.2070339453234355,0.1896063990787456,0.24083957602156714,0.35830194467329834,0.3936325450301556,0.14246647574871868,0.3641720581536208,0.21509584823069416,0.06846095988229359,0.46419623753653966,0.33892588150574565,0.3619173077409621,0.21092808440368907,0.2489432145273098,0.19642716415676165,0.2563772362653234,0.1252370952917697,0.30829715884989456,0.24099546271149458,0.0015682756070162015,0.02701097986825506,0.27691805907038547,0.2135133067811902,0.4521728073584236,0.23971139983612727,0.2964089254798751,0.10486358130825503,0.2210896286913885,0.16620302868959638,0.30113079878009946,0.29069410948007735,0.2421519352762295,0.23842219379913082,0.4731441853086386,0.3194715194950381,0.30977288701772027,0.3405023554927894,0.11865509431811688,0.10050771486040726,0.28399831927026364,0.15914625770554738,0.22543221282987283,0.202323435902517,0.3151460610038033,0.0689354944209806,0.10486358130825503,0.24961338610343256,8.424444023090838e-05,0.3600361878058725,0.3337363753305794,0.26509781452399317,0.26106843067490504,0.4138860724028218,0.1528610651103456,0.29175263018312997,0.1298741353170986,0.16131442821384465,0.22916103361556087,0.3293560908866559,0.19448933019340547,0.2864444065479932,0.2980254618829444,0.37236975031929653,0.27881983836917107,0.2722113558305864,-0.011531565432864151,0.3418992466235445,0.2668196188964153,0.21569895531128339,0.18933524492990458,0.00976293379072124,0.14890603070097344,0.15222508995196438,0.2562631402816424,0.33828960383553114,0.02099695049227606,0.45526052522451144,0.4030182267938927,0.5381005340247083,0.3339804453454498,0.3432349283499981,0.5562247731134331,0.18373537598613998,0.20525203397243208,0.26517945633874734,0.36931935706376123,0.18269894912863627,0.1701582195413998,0.23889108177107846,0.5553671717666672,0.17715754673685855,0.20629187531418763,0.09974987448543803,0.07510538530004517,0.1506766887776785,0.2599233214810755,0.2368225945451235,0.2735799396406226,0.15107550531698608,0.3251745210045896,0.2573595779545501,0.2493400028094464,-0.06695895802232102,0.2527875404289167,0.22415970793937953,0.3546787920738957,0.16405114674994303,0.30008708091665726,0.18363702629927184,0.28638219463747894,0.2628945289813015,0.27186039005651835,0.2837757199882648,0.15452418979618052,0.19489195790566083,0.15863390787922602,-0.1000710270222037,0.24507693427012486,0.4178182172603075,0.23883098501368422,0.31364431220607003,0.39419440300804826,0.3082972335292076,0.35173047226166504,0.1021948394135093,0.21491008878906614,0.23405371687425489,0.09640303787843263,0.1087056970213751,0.4651568736355663,0.14638345319229887,-0.011531435467117618,0.009762866236551569,0.14890596716257082
HINDUNILVR.NS,0.05791537001716459,0.2516072365203873,0.1440809505061993,0.1116362218627458,0.09879821481480013,1.0,0.27170353991194574,-0.017459079677994708,0.03553405717483569,0.15745321159657477,0.15630445804836735,0.02970060245229987,0.1800973349552051,0.485887518859272,0.30630930924181043,0.17033348513732283,0.2816147156100818,0.15934974120397086,0.08480187197627392,0.49202954495940593,0.16706941525609814,0.21952788361379974,-0.09375548337156106,-0.07957157623100342,0.014319269166919446,0.29016835720329487,0.20773429527614906,0.0362852521504746,0.050685380037209855,0.05474684672169202,0.14812885422103494,0.14475956066688123,0.052970138572665235,0.03873100443840654,0.031035027726930273,0.30006550574312035,-0.03106424336928056,0.04213027409087938,0.5629926803448866,0.08802956920142,0.3320100686648982,0.13166135902600642,0.23494532577010785,0.2899674685074967,0.2069094366662781,0.16098041101554242,0.3822838829467461,0.029978740187529173,0.4896659747993254,0.2793928129952284,0.2634243173527964,0.35019606486061416,0.1546928945025906,0.08234808993039656,0.4021692687289455,0.1584705795624251,0.03503803962180021,-0.021133053502910455,0.14446980114522445,0.14410346483441375,0.1646204967193625,0.1366309857766824,0.3117286798771462,0.21229351579071837,0.17105295971849835,0.14026477415843452,0.2745992079925967,0.4896659747993254,0.10614896770296096,1.997386804767313e-05,0.16893909951694805,0.1966844591708981,0.31622535131338164,0.2539626613574174,0.2984279443803601,0.14973275075257528,0.1532135896284461,0.4343089226260301,0.10123385271182568,0.2756186052322139,0.12547739007395498,0.05993135942611542,0.09384032614939447,0.12144192308211794,0.058587032819626905,0.21562767112573858,0.07249358717017335,0.24131908512924416,0.060493697834759934,0.27297801076369443,0.11144559253491045,0.12702050716154964,0.24680449774860233,0.09535141260208058,0.19102553606483963,0.10457001816290176,0.09309717350834627,0.25201726446917394,0.21060338942504092,0.054152141378889525,0.02298475758376839,0.1644114057673679,0.07524339906168859,0.024012364996401227,0.13863525724590814,0.26540977718869035,0.11723909846412518,0.21670809404179542,0.14974267604445796,0.1824147997557397,0.12440872978389221,-0.044182130748358486,0.2349776169271031,0.20465618003933397,0.23747478333467054,0.02480835687691708,0.21095262863692738,0.09760080878018777,0.11616328637289901,-0.043212625085709735,0.038400417840285535,0.042676211807704395,0.11935475687593902,0.11332365231269687,0.11330609384377535,0.007296304584896242,0.03646419642699071,0.17312288060075634,0.09028475968512371,-0.01413697339018186,0.1770813666903327,0.15886096971439795,0.12214145032547419,0.17800332981329484,0.10246103673849366,0.1694076751653342,0.06994740316681194,0.16980360862319813,0.2629966083862201,0.2164107869686881,-0.041893703484310374,0.20926515616680602,0.11603189026137463,0.008167250061171147,0.088029455731471,0.03807386329539548,0.22752381888812884,0.12713604510675752,0.0030817687394802612,0.040897514562948954,0.08124413478867651,-0.021423918354480206,0.20031413974841045,0.2413190037118697,0.24680456718762994,0.09535145056334887
ITC.NS,0.21630715244208018,0.23937091794090967,0.28511646975339866,0.19183284093147573,0.3750656816949682,0.27170353991194574,1.0,0.38431637626235,0.33602402876040854,0.3167903212711939,0.2696621642367506,0.3710777534552092,0.31805545805435853,0.2778317941814402,0.12693323631866382,0.3460244055777029,0.3782295971083102,0.25565439705408294,0.20990821582951305,0.27269270997442435,0.22227442191190686,0.3547114269335775,0.1590500565743669,0.2802626626348294,0.30514119324790756,0.17658877126900746,0.32417574415373124,-0.03136487673096995,0.30006622786382614,0.13872971772235274,0.198947044257287,0.3102162735403977,0.3082465134460231,0.29689641546200257,0.2187873606191224,0.1952761077992112,0.35463860463466346,0.19487094080790393,0.30000219140126355,0.17160678505634067,0.1555428022442833,0.2331543516291587,0.15154147182121605,0.25462805962429375,0.20120704391085184,0.39144824743499107,0.41749926072979593,0.3646769908893709,0.28476688228143915,0.1425807227651779,0.1678821748684411,0.24615130598465754,0.25042087491348847,0.2846888306607067,0.17001742588461746,0.4361481429642509,0.27969049886978253,0.37048460857733906,0.20162465493778325,0.18153785703851685,0.22505509521906064,0.2089391998447134,0.19047206600978955,0.2459661699023571,0.2615560472208893,0.36359153077726797,0.34773915323988386,0.28476688228143915,0.3365494718015397,9.963138374977537e-05,0.25669149493331733,0.34548793182396503,0.1873985970375619,0.3298785985122262,0.34977875063626374,0.1263202454591556,0.3587678079079881,0.33785880001946567,0.17761286875161003,0.2543748766662711,0.2724160550204918,0.19001168520467535,0.3379192579798947,0.34481891985511254,0.27424878860117935,0.30141431763399634,0.39600699699903386,0.0754586347499512,0.27546649921435806,0.34099247295660334,0.3224338231733023,0.20979027557081537,-0.002939206637754092,0.3074975485198519,0.2866653538335763,0.18604493693076782,0.2073459754406564,0.2271464917534517,0.44422480611736354,0.31924769528168107,0.36908008076487414,0.2539233230712927,0.3501110367462418,0.3923577930680835,0.23339455117079969,0.10877727958131894,0.33765724101007794,0.25757709989103317,0.23263924681267578,0.2192303090323396,0.27270495809120143,0.3177792916862219,0.28173138499095796,0.2919068933962176,0.1938737193516156,0.22145481456407184,0.11161241880797056,0.245296785176163,0.16245970451105143,0.17754149191048962,0.24305861881745544,0.335322992219205,0.3222002949092119,0.31740867135650014,0.0978986365652606,0.31267446874739857,0.14037749686722445,0.37214859421558716,0.2567353400101175,0.20002831614948252,0.057835227204975664,0.27668627225145603,0.2777339664550511,0.34046950264162135,0.26695006499347,0.21801373037315125,0.29243191185121725,0.1945731497919585,0.06204882842570116,0.3336053033046269,0.3474832050900713,0.30858710343663864,0.2078705498822114,0.35937760090313775,0.17160665145093323,0.3382561206379234,0.327228881776414,0.17807208184750703,0.31135130220950513,0.19436478059356882,0.12500085296661448,0.2849164946117419,0.2170049719241949,0.07545906210136043,-0.0029392190092535743,0.30749752787284507
SBIN.NS,0.37034471987096623,0.14439554904104143,0.4056658137758929,0.07156145949678965,0.683213337845787,-0.017459079677994708,0.38431637626235,1.0,0.24107268005607685,0.35342713570492323,0.10611812653871228,0.45458330151234794,0.6004873361203473,0.18700066472523855,0.28012604522424095,0.2772661668241421,0.24458175141165558,0.43014002640136784,0.21818937882506587,0.040112135267056995,0.3568439537137506,0.38372475627585517,0.38554849581253764,0.43014840631637,0.42728957371461007,0.2509437075262556,0.35836510767099045,0.19801636786542337,0.5001533085423929,0.3723093883442674,0.09838500710719045,0.46355280522654974,0.2882755362271577,0.4894696267580936,0.1347070865755395,0.21897389844159174,0.4351928777362365,0.49813256038820347,0.03834285013927936,0.26715521544450205,0.25249696057011956,0.006880849167480282,-0.01801780433900596,0.3222209662870504,0.20297250424140856,0.5733825051553078,0.24550033708487498,0.39240353078646556,0.07875609934583842,0.2263557537360231,0.13697020761772027,0.24647335455051367,0.2638808366817598,0.3156386959231013,0.18215105908317372,0.5546296448036294,0.3841884111142713,0.39747127205564503,0.32494540152200857,0.12614006095517774,0.038873421208368855,0.3692975502490945,0.14396441235492324,0.24329029972413568,0.3381474001306316,0.3341441059967523,0.16384097871254683,0.07875609934583842,0.37531885460673897,8.839800688360771e-05,0.35903590613332625,0.41144510286548375,0.22949306109393122,0.2548321334030882,0.37494849716794315,0.17357361836790666,0.3719612986523409,0.17839010595225496,0.2536219416857012,0.23731460796165924,0.34148695786268674,0.2384680226028652,0.46010741791732385,0.44779100728388577,0.43560580308337465,0.2655601541829136,0.32562657884739316,0.047685311831624055,0.36786291232230317,0.2540778983843888,0.13666610365938875,0.3034613269490661,0.03509422912688916,0.25235465257499523,0.13376423302355084,0.21654180461319658,0.3806723371368405,0.07590690230692222,0.38273591473508284,0.47733393602543905,0.7383787251629376,0.43441689891586405,0.4176744448847735,0.7269534883300358,0.28090258406726387,0.1694352615009536,0.3441326000350332,0.35090150261504177,0.22224365143153232,0.16898914710775506,0.3592184811120292,0.6222016512120015,0.13116396085439624,0.3075939230402268,0.10170860484130557,0.13466310797565034,0.26985613364186817,0.3355101953150723,0.42051099209305626,0.29454853003798737,0.3286126807480656,0.4600050475057191,0.2988244725245811,0.3164331369856431,-0.057799959816251203,0.3035393392331593,0.20631599712670368,0.45212288646397963,0.18128655513381925,0.35996912932002834,0.22456125182877157,0.32271018784924205,0.2458165355256736,0.31894523530957813,0.3613910678380772,0.10065931013529489,0.3687805318812911,0.1555936222053985,0.014955414572496281,0.21122325983048826,0.6587918556572742,0.3113721001327849,0.24281151619680627,0.4928213723575235,0.2671551481268991,0.3613073122390834,0.11296482346811815,0.23049287485748038,0.2561331925426084,0.20104661840218632,0.2223170386494037,0.5920926341108202,0.20972990758184862,0.0476854278907846,0.035094129093853656,0.25235458703100555
BHARTIARTL.NS,0.15670570838769332,0.24376969434842918,0.23047497006857748,0.21480246289204635,0.35762596525786494,0.03553405717483569,0.33602402876040854,0.24107268005607685,1.0,0.3039361978042116,0.22221387872596826,0.3551756415658761,0.27724012732436615,0.05299772135643139,0.22766181976012495,0.15587695065205007,0.1628211173055893,0.23208065393221,0.26147317575296136,0.09507134790367122,0.23112124924334493,0.19813513282347994,0.23791179758816908,0.23728050127949762,0.16076312843830562,0.29276817402608735,0.2603312943874656,0.05060656192737238,0.24332316778993934,0.19788977917590456,0.1330444499233758,0.2811787161267702,0.25260326050467646,0.3304095299399437,0.2765817077551405,0.24003137282923243,0.21763001965488105,0.21097344361418813,0.07941030023163799,0.14272504077593143,0.24231128242533595,0.10202794593449223,0.07338807793807897,0.13404110802770625,0.2248274996295958,0.2459444897460144,0.21816590564942612,0.3372038940415266,0.11064040850531442,0.18414380283599008,0.10728884277918216,0.06370055163676094,0.09055268544252384,0.09511844303328343,0.007593496568180552,0.33030649489492164,0.31672896635422926,0.2903766549559732,0.17554579529777659,0.20232786586531,0.06875013127224132,0.08337094990608139,0.04261351294404061,0.12987114133403743,0.12475688100853094,0.18518393325267163,0.13299843443829376,0.11064040850531442,0.31284879867204707,0.00010696964558787692,0.1392887293908857,0.39106995769986225,0.23863537163124754,0.24138579541472416,0.25767664719040456,0.11970019992333057,0.13632440842339605,0.16031341527823867,0.1151552047135242,0.14942313366174031,0.30149523415512264,0.22636942708235827,0.24921506910885508,0.2251773199815303,0.2065973592839237,0.21410908106461987,0.2188774957230914,0.1064794624044946,0.17257361576979052,0.2029250515021532,0.1621603931542935,0.176597869869137,0.061272043562531506,0.13481837888983697,0.09906190030298354,0.05788990186623983,0.22505396652736273,0.15202412223432646,0.2801984383691928,0.20326938807647826,0.2808816144274129,0.24968256408326117,0.14666642791727255,0.27933234213140357,0.05862912016740865,0.15443072883810977,0.1096002989835548,0.13070181658211652,0.10083512560543328,0.24058602163914347,0.23896838321775404,0.20757477862510426,0.1922190545363035,0.09417055123087496,0.0746568841340175,0.1677709143532224,0.05566706347397482,0.28475943665201764,0.19560045111094826,0.17976317567927105,0.1816066350850221,0.25175720463695667,0.15374389816752357,0.22424036842451736,0.07669743360617626,0.24489291469498273,0.27322564269690247,0.2478381309071888,0.19948744411149444,0.13772231347936792,0.034426356441425075,0.23099654264074068,0.2558986293471462,0.2207184844558752,0.3052608266260553,0.0452484851015749,0.2058215073212705,0.07974095401441032,0.07056408185407012,0.1069276085973916,0.21465521962113762,0.1695862559773055,0.1294353221596436,0.18426212174908596,0.14272498361991062,0.16924397135848868,0.17113736161411905,0.1405841922735678,0.2721030776098326,0.2322717679816865,0.08287387954089534,0.21202213700755332,0.08486875872082915,0.1064794101569174,0.061271975204138227,0.13481832426229162
KOTAKBANK.NS,0.28353147402972895,0.09299126702973601,0.44539211977523874,0.1252122938147091,0.4610328885490037,0.15745321159657477,0.3167903212711939,0.35342713570492323,0.3039361978042116,1.0,0.21658046584116536,0.34419181713497954,0.328740066722945,0.180152776956148,0.24085391995483474,0.06352230411820398,0.253687290298434,0.15141181351060604,0.22901968199986994,0.1775136797918442,0.27395115624951294,0.36731848485191354,0.18789954703598144,0.19887691827854823,0.20722562046777726,0.2677015101929101,0.3405222313838053,0.05971915022959011,0.26434418464790527,0.13852693926204504,0.07041874245914236,0.28913424677569216,0.15981843585497923,0.29702489676351584,0.1963993100287588,0.3303147722483834,0.1856956648537442,0.07455489843893022,0.09953995393834289,0.1444827848099803,0.24242853181906746,-0.02095821365494647,0.017218407560441736,0.2577982368752132,0.21039621039312456,0.38542074650207087,0.17618741310555702,0.24966331629794372,0.08609187590400881,0.20077523454386514,0.19721970715799858,0.14867892657324525,0.16596966771306398,0.20723039007345093,0.021615914885947152,0.28681455595349536,0.24811247778787127,0.3104345052344664,0.027332096740361116,0.06990098426731531,0.05053162781625024,0.28009486270540435,0.008825335584076464,0.19830947060368267,0.1382795757447827,0.3311930971208307,0.0780880871975721,0.08609187590400881,0.26245246382044335,-2.297603386578303e-06,0.29263801102242126,0.35042000096602555,0.2456468511972554,0.18763051229990949,0.3210495955081937,-0.009380328431742939,0.3054171036925056,0.1378955619256728,0.18541015703044142,0.28709830945122355,0.17408810317674914,0.20700297514716384,0.25009099581863103,0.20892021111700057,0.20626301092791177,0.23570864395653623,0.3099088182389679,-0.030748629888129708,0.17213684598214277,0.12693818733458917,0.11443865237993842,0.16408783520611342,0.132344312684339,0.17830372372693787,0.12507612105932686,0.21061430252501231,0.04342927454792833,0.037056924861042874,0.32301258848786757,0.23265292103105736,0.2955278313588416,0.2005732162832206,0.24546238295542697,0.3335925164103352,0.1421027348246684,0.27475763652031504,0.1858785389441856,0.20962744078333578,0.13863846720418485,0.2656806906234759,0.19488974083302482,0.4208267212990223,0.13879692441265465,0.13336817458039538,0.17674532199479384,0.14530922397102153,0.13359310265463722,0.18188040431810132,0.17045992018300413,0.25439019936208973,0.21101159284931217,0.2862857504388752,0.2159110410348377,0.23428226691497195,0.015546336695194498,0.1707790576292889,0.20976462629898834,0.2645880910755531,0.2753298713283588,0.13479073730928004,0.16857906826878216,0.2090566157401568,0.22167671411950363,0.2527521666805614,0.29818137505292436,0.07811361415980647,0.053749604109808724,0.20728438531014795,0.0012366720609484365,0.15386737066936382,0.24713273924425225,0.1879157015205784,0.11953795756824684,0.37228753098696626,0.14448264795282464,0.07374255964508342,0.15250714717207198,0.12264858225009076,0.15487387471338232,0.06531863942180685,0.08678483957151857,0.23984605742825083,0.04265898482189056,-0.03074857137055636,0.13234430866043825,0.17830371864284444
HCLTECH.NS,0.2123673180836172,0.6786752515585501,0.2387193846680752,0.6924995260115651,0.07102731099348443,0.15630445804836735,0.2696621642367506,0.10611812653871228,0.22221387872596826,0.21658046584116536,1.0,0.21263384437538657,0.08034884917889709,0.18435382549547918,0.1397018530071759,0.32675259365779946,0.30904603802435643,0.33419879748921794,0.5937698320248955,0.20233934300835846,0.08373906610665666,0.17635365684134088,0.17551163819483478,0.16245771343049858,0.15152735675628892,0.2611221973286031,0.1575582227555178,-0.1190235904463438,0.11941690378721227,0.026848106956738782,0.18277905018347246,0.21310690610758282,0.18449539407565707,0.14331869266783406,0.6261107966736486,0.3312006332858947,0.21179788351373452,0.1696231595222228,0.09444619897950292,0.24857938934762958,0.1972568964382827,0.2395069874872303,0.10058244461095166,0.0627064601883554,0.04043326870303432,0.2588968868970894,0.27573442431391354,0.15957803217144342,0.2996349012972744,0.156309776606347,0.11473468427352479,0.18903468645467963,0.24437131247550042,0.12341048825354198,0.1018632987340102,0.2884615778975221,0.2627589985116655,0.2466194313347813,0.04558021891952698,0.18989581261176963,0.09515562215345895,0.012815180093230268,0.34866810300445245,0.1616469981808525,0.23539909085669636,0.17345829919944658,0.30224633109273275,0.2996349012972744,0.1492061085251425,7.409637358474776e-05,0.16109421762989581,0.38815277451114616,0.20220264420529624,0.14322609617862886,0.25079726117967477,0.23249168532218198,0.15391579314501597,0.16056553318324357,0.1743219191752304,0.41812159127970333,0.27747075980417885,0.1310693053586581,0.23358257185100464,0.23687201678849612,0.21220446781321353,0.2337554648683189,0.271330915635189,0.19712993925916494,0.0719577458704619,0.17894567002524392,0.23713359254268285,0.2117235855438095,0.18673327261146766,0.20862431769129255,0.22152550362309895,0.07025402769778966,0.0695579007154623,0.1772408054861487,0.12448179338515032,0.04448034998535549,0.12742391603702885,0.04064571839104703,0.21235900129405835,0.21170990922632846,0.15428027839309666,0.18011469827633592,0.18373991536521694,0.18793918616497965,0.3159765249934656,0.12225922823850481,0.2291661765816971,0.12933103822479738,0.14336860765039783,0.2739953154420441,0.22283815781806107,0.16388275372708863,0.08558001680013315,0.09608382310763247,0.06792075053144006,-0.039715431941280244,0.17189574726909196,0.25930054855764084,0.14163401494384792,0.05891415939983588,0.1823919700860147,0.18963315056007207,0.1871992201742957,0.21025419258125191,0.5539440564336217,0.20565115675887846,0.1797679105916748,0.14799122730099537,0.5125809769607196,0.17552059693007038,0.14792804369472795,0.18497833896900326,0.14333359477234053,0.16959374789694065,0.19591765966148647,0.16647695866693163,0.1849826330815226,0.08620715207153079,0.20091759026901163,0.0977335731452023,0.24857930490739033,0.13458257169818813,0.288122471231781,0.2821774024648452,0.21459041944362775,0.11376719960755784,0.19136221462939176,0.09597199490415247,0.12329950466847181,0.1971300656947361,0.1867331890194618,0.20862426154508423
LT.NS,0.25633297678958683,0.1737079109712002,0.48895906041088144,0.2213683969602855,0.5090904966446838,0.02970060245229987,0.3710777534552092,0.45458330151234794,0.3551756415658761,0.34419181713497954,0.21263384437538657,1.0,0.46062589135917287,0.16872832846289984,0.24481807488653765,0.2692768138956046,0.44670072628575347,0.5462189974165782,0.3253754722699414,0.1615854716021327,0.34342415302611373,0.4062163996416736,0.3373190900016471,0.3124326779804757,0.4194645750039795,0.27892778340956453,0.36738826932955393,0.1552695358937386,0.42870144155743134,0.280495600567227,0.1308627613039003,0.46912948149603845,0.3382797318970648,0.4468804174203294,0.3063343444962816,0.3101687925136408,0.33427585134785626,0.3426743362527373,0.1110505253416922,0.3553994694237765,0.24942649851957374,0.11038368082642863,0.12780893376481683,0.26201609321548414,0.2177090621542171,0.3472676820984424,0.2876715828410425,0.35566680968409287,0.013891323667214663,0.3308155460031561,0.19308658396542286,0.2519438501980854,0.19645012173788964,0.4951508849012825,0.07043890187104132,0.6093097334392479,0.414787257453425,0.4648015849417385,0.3125490584566377,0.13938110417697216,0.23648628745982136,0.2919400173767747,0.2120584623037166,0.1977966920093548,0.29152028578559763,0.3857083365527703,0.19344247577498067,0.013891323667214663,0.4119014254580325,9.94296263625049e-05,0.44353261211512823,0.44953528022127154,0.23639734074449678,0.20924067811071895,0.41520676560279324,0.1711372628495073,0.3572932529835024,0.09455126133079779,0.3717192936242947,0.23097813926213417,0.37206808149182374,0.2206423010282916,0.5449626116707142,0.4796143822490649,0.4029538892072718,0.32283274428254854,0.38892347654102555,0.10796773473552249,0.3647280135228506,0.30012926922999256,0.3606580410437678,0.324327832212652,0.04395530580103094,0.23106142220611173,0.17777326089316747,0.4877631408595682,0.38345927669386587,0.0637854292930064,0.46558543214113135,0.41491992709759845,0.4298488167719826,0.36811052453167586,0.44729092962646644,0.5070956723205429,0.29765388123787273,0.22564737716188973,0.31203286639201483,0.4146837586297094,0.19870404457808108,0.28895576876918216,0.26271328306133923,0.41806895573141145,0.2556801124646773,0.3692658647701809,0.21729211383403424,0.2062572194793095,0.20580895397615595,0.45828221921065754,0.310541172875419,0.32198133952104036,0.2415177246843032,0.37910958871957745,0.35004401498896554,0.3467631304972357,0.026271186568074298,0.34020124153604664,0.318418332669961,0.44096576364889073,0.3707779582319015,0.35567469733870083,0.1529045719971712,0.27864741134889165,0.29660201842511635,0.38249884728842865,0.43951881392184367,0.1759827763590206,0.32273257921345466,0.24141015767406845,0.030913236527065843,0.24207048371701764,0.4080641983167797,0.36881368951542426,0.38901689224538866,0.4040491055253526,0.35539932534762525,0.3736597557801991,0.2623814538383279,0.34964125575085986,0.289219688768502,0.27879981339042714,0.1007036599913072,0.44961488404368255,0.18233134792375957,0.10796810662476787,0.04395529193280987,0.23106135708798983
